$ANSIBLE_VAULT;1.1;AES256
61326336366462326331633833323333363234313466316264393932633331613362343537393063
3364643834646364623839613730653864666662616664300a336164636337643032366330346238
65343666323765353332636337623866383532613135323537393032633461343464396565663062
6135303362653137360a663734663165303666376434393562326232626264623363656237356438
65623062623238343531393666623837373732386631306465343830626537313838616461353564
38323732396131386131353361393365326530323433393633373739346434343632646461616464
63343061653031633938653638616638313532646563643362333363346537653366623538353030
37323836373134303333653431656562346434663636613166666337313962656431373663326663
38343038663765623865366563643631663433666435663364376135306130316164666231633934
61313538393366393566353561383564353035373066616331396335643935623564373462643431
39353739363166623965396331666238653338353538393932346334353264363262613162616339
64643238323231656166323166663930303537643439656535383533666330313465353833336439
36333962663266663763616138663230393730336333383132323031656132663861303337323536
34653833623063306231643532313362646632353631336234353132356137623761623534396336
30663662653831663638376236656166396633376438356565393639343037333831643335346234
63343366393762393063306530643435613131383239373534326139346630343464303766373936
36313763393965373134626662353037666661376137653361343766396131353535373466616331
37353165353261313563383664323630646132663665313062333732663832616139666662393234
32343537663463396335386631313664363532643762373938653234656164323039656363613666
39323661663335613763313030353931386131356230376436666663323039373865366536383638
36616564373561353333343565373038326437383063373136316139323136646332383136313130
33363863373664326164633762316362313631623532356666343933653539653936623732393837
33326233653061316631613161383333336434333465353138303935313733326564373134613730
31306339383861303061613838363366373532383938616438616165313666663531613365656664
38333633316234353064356432663632623834313932646431363936653161646332643931353430
32326461303964646335656463613432616633303538386633616336353639376137653937326663
62366266376262663234623030316632343866336233366466633062613139396665663636646234
34323830646266393765393330383133333638373231313033376465623866663664303865393530
36373537653833656166366236383338636638326330366638393239303664356164623131323934
30626331343961626163623031303230656564393734666532346137323231653536343235653239
30363766333462383163326234383237306231346231346632363038656530336136343438336631
34636239653366623933363061653961306365656136626564623032306166343366303632653630
33646162386661393636636231626334313462656263326337336562333738646130313964323364
66656335636438323264343735363633636132356431303763313635613464313437656162653735
64386562643232383939373131643931616463393464623236346431323033323637643934633466
65363739646532633464643165653334663137653436306362383963623236353439386538666565
62356535613465363433343439323162323239313165653830636235323633623265396662633261
37323934613837666563373736323363383738643933646330343364363534633137653339613533
30323763366432346334326634363266303434626464326134316462653636303763366434306362
33393563386366656563376437373061343938393932646336363266363533663562393735363637
34633065613330373435613466663034623665383439363135303664346464336562323464303961
65653866613633323634303333646538383563663864623032633131633939626437663166373437
36623539336132346331643938373663343431356563356538666335303562383061633036366665
61333439373339626136653033373139656235663663393739656332393539363363663039333535
30313964316266346133633836633631643065613433666334346464366330353731313261346639
66633166313938626338396164623263303337383338393539633761636436343135356539363764
38666564613233303962666636353564303338396662613332353731356666313738313439386438
62656332306166633432386331393439666438656363336337393437646232376234653737633363
39366633646632613430373633643465623762653732356132383065316238323663656466376234
66373536613366633765343535333065353835643836376132316530343165383137626462636433
62373537383938306137306461346139626438633932323061376333653138656138656263666165
38656336393233346136323162666331663639613930623834656235393933343032373631346535
65376234636234313330373830646534306234363335646365353231353531616163333738393965
64383339316665333137363632393961323561303038663135646435356639396137623030383031
38623630616132326239333338616630633765343062323636656632306663306431313031373463
63323731303466323561363932353864356433643731393431623065366331303031376435633739
34396539333937643764623062333964343164323763343065613866393136366638363836666463
31333933363231323938643634393766363531346437376238363936303931363135633430373133
33356638373934366430623365383138303966663137373464383736393065366531353037326432
39633439633136363461653566316235643963353735633265626130303764643263393036353435
30643462623937303762356561313465306263393866336533366464633836666337336438363031
37346163643933356231383765383731333338333132336337353163636632363565313663383630
63323638396239373631393161303461393134646631653065376366356132373239636332373162
31613365666263633532653639623161373164663534633862333961383830343437376231306437
63343237633764653161663262663338366561313331353962393631313564306630353062396366
61623733663863653163363932383261303662313264326563613333373539346536353530626230
31366164303366613863636665363335323931613966353033353464393266356539316136333435
32643261306462653261396332383465313039363562646661616266613162313633666631313263
37313439313834313635393130653565393931373331626238376533636533646439316430613130
61623237316466343335333135343866343262653066326163386561303038383336333836396638
64613733333464643863643232343731303736663439353363383333656264663366333536353033
34616161396264623865626561333861626365663466313138333466663236623336333464363563
33323362353837383861386633373139366631663434666166333263326634653265303435643037
31666231386536323230303737353263636438363732633031623663343733306238653438623133
30343562306131653838393038616130336538623230383036346633313763393736353937356463
30333837353030353264393835623464333665383634353031663338303738643363343034633263
38656137313236636564323333303865656663376162393539626533646135643333396661623338
36313831336465643134646266396133343861373135333932343866336336346630366661373938
63333462666563663038373432373638613732633363646636373032356461363264383636386334
38613938356636616666356633316138343835326131393261373033653133646132386336643765
66666265393530646638326633333562313464363531323465373761343431363535666138353636
37353435346139383931313239616366353662353839393933633039633663353962343862306464
36393562343635343531323631663135616365633932316533303263386230353465323263306235
36386231323463646332623463383635336261623863336234393839643736336431356338366135
37336238376637336333643266643335663566663761363733663362383931636636326463373139
32356166653734663637333330353636393138663535356638663639643039323131316336313335
32313133363433636563306231646231353563623436663037376262396231613863613737656637
66363261356230346663343665326465366532646562396139613665623239653330613937626233
61313263323933333364623032396633373839643564353066383830373835623466636533396466
62386238346561336233656130313734333962613532626137353336626662346433346532393935
35343931303763626336653636316337383139373962316266616563613563366264653961393831
65393536623530643539316638636134376631643830363439323930363735393733663536356333
61303534343538363138336162643732336162666538666136643438396635336666343031323535
65336338303838353538653734336536636165323262623234643439343533313965623237366538
36653631623231333761343932353034353833613664343262333838353833346634623332363035
37373565666333363939343832396234653861623661633632323764383336616438366363666539
34326231633961343761336139356533623162323639396336656136633163303961613561623838
31623964623864376331376663333065326536356530323435393539316236373737636165303939
30633161613232613166653231626361303965313633623662346161633137636435633935316261
64393334383762303639356366313530363031353430333239663665653431643634303634373161
33326336386262633064323137363731373134646466356165313964613637333736346535383563
38356265346530353630383463356165323964616231343661326562636164616362303430306661
39393162303465646139636130366639623231356561333039333634373632366537303061386137
66333331656634373335666232346635393561353332613433646131376233376633613633366538
30633435326430643065353934646665346438396538363238313835623138323235393862643837
33356566316661323732313138646438346231623665393164343834636136653432396661313939
31666562663836663339316235613062346636303733343438656437393364393830383262633237
64323032613238326631313933316339326133383535353664626661393239373965373531656138
31303763643432373834353061393938356262313634623732383133656138646632366665363338
35636539343138666461346132316235313964313066306436323139353963383865646161326236
34663935666165643938343866653836646433383034363764306134643862366535343939623465
31393336323131353864623065623930326364613666346162353564343032653865373137333032
31613462313164316663623536636130333633313138313538353332623961323064656332646664
38666230386139666631303231646134323238376435316363386162353838336565376463376231
33646162323761663939643537363936656431613334326664386535396330623164313739336564
62313537333239643137373731643363386465636537633162666232663461663036666361373336
65323938306133643631616366653739613638333965623739336364656136356164313930663836
65656134363863393537623134386563636630646235346362313636336335383633316137323965
65336133326464396466346165346236383430396261303231626464376539643333353331386465
33333839646538393933306265643030633033623937646334326233356265383934343931343632
30326238363631343931396365666663326466396632313331336531353239313539343363303264
61323134333131346264626464616335663936373634633664386435306237663932646663643066
63663033633034363236346661666234626430306261313232626238383362323434663837373364
64376234323430653631386130336263656366646630323563616231623037613663383436646564
39643433363862633137393537326662616331333535323466353466343436386138363863363430
36323536336537626131396637396264636464623839646666383430303362383362303162353137
64353435383062373036623462343633306232646563653834663163363634323165386362336337
31393538636330626461626538343538386235663765366362323836626131303133376266636564
37626336326365333634633138306439346334653866666165626634343835613033356134306665
33646632326537366132383137326230353339623131323835646134323338613965653436346263
31343639356663333234616164333262316631656363363265306562393533323166623437306166
63363331313731653739346266656334633832333438366166373732346464303434396639653032
62623030396439636632313565353436653833386137343361666362353436323235643939353966
34333338363061666333363438346261346331373637613237363761323737636264623037376537
30353936306561336431366162363162343761616565383565363539623963383563663738656331
31643264663431393631633132666162663334356330396666303238313665623334303362616638
34336130383936303236653562616336613739363537623764353937613837323963616432393562
32396632363730626339323835323066353436313061326561666531363265353034306434303763
65333433373562303164343663353138363833613438643066373639353339633936323334333932
30626239373136666662613130633266613136326535643964306136376231353966373532623162
35383561626232393066353035363862333361636661333965663263366466653538653465323435
30386633393532636435643639303432653138326431663961363635373538373666613563346631
39313730616334666662326431346364313539313762303034376134396161616264353366306433
36636234383262663063393638656462633962383062393465346636326335383834633136333362
36393933313036303737663634613436356639343563306130313830326461313230396534323663
34343866656665346432383066343638303439643033303063613166643438346131316236613438
30306662626234393866633164333661343530653766353661323663393335613033353335396262
34333362363934663238386262376438393866656131623264333132323761323034383832656331
61643565656336376130316439646631373961383334386138343562393539323766306463386435
32303066623037316336663866376337323038313032323164333566623532653832623030303464
36303262313138656361323030306534356638333837303261356639393330303765643366323932
31386639343833383936656237613836646136646266383763323663363365376333656336383863
31613834666136643432653965353163623266363166303335323438633037393264363665313634
34643064383639316335303636366663366663346133663064623437383963353031623239643836
64626462366637666165396637346662626130336236623030356437613361383133363738336637
36386439343566343834643234653737346230356633653961306530343439646334636437383531
34383733316138636233633062393139323835343232306339373932643364626131313263333836
34353732313035303166346262323832636432343364666232346236326137353138343530663235
39366466376232313665343431643133373639313735313631623762616266616633353063333264
64666663333365393461333336636239346533363234656435343261616362363232646365333535
31653737626332376162653436613865343539346438373339306464656662306633333332386333
33616239636132313635323366313564326363666462316134636365363961383164646433366330
61366464396364613635383739656534363239386266626330663436316335316361643333356435
64613131343466306537383135373363626563663436653137303931383664643135373633623463
65663665363237303634623663316339613730323364356436313438383739643262356632316561
32623236373337663838653835393332353835306138623436653163383730393762326637353639
32623038313362326139353037356535363361646332336337396434323465653565353737373161
32636137626463343139313931363232666335376365623266623062396263653963363466663938
62353835333434313736356137333534336263666362623337353233643865663438643166636634
38656235343965636239656661393733623363383363663737383462636334326564353338346332
31313562313661613861396334316263386231366434353932633531666632393564626333396236
64386135656431633738653537386363653332666566616166353832633734653562663830326465
38616338366337663939653938383963356133663933343238636335383232376364666231303061
35643939613663353431363636366136316138333339633332336562353739633663653938633562
33336233303932663933613736643762366332646237633831336433376637653230336166333434
38663538333062393934303734636263663039653335633566623238646565303438346466376238
36363430333536626332623664393865383832373262326264346265326130396164346635323438
39376239386439613764343062346136646564623538333035333330613135663230646531613266
35373163616230333136356232316662633930353662323439383061393861663731613639366333
62356666623838653239656431356166633236383833313163663438623665663137316631616163
66393838343232346133623664396661373636393038323232336365643063623363643262353562
65646634313835306131333739396133363664343663343537393830613435366266313238326439
30643732666130363362343336346363643439316435643361656636646561613034663732363732
39333565626238663363323631303037326264366139613238616630623661376239373932663962
30663330363631393436353631363936326436303934663439306436353136623965323062393031
63356337306165356466643663646461623765336535626638306232353764373233663763653038
35396461626635316233383535383638646338363162373361343564623666383632336638376237
39343930303931333539356365323536643966303965356431326364366132336161656130306164
63313136333965303137333065323865643536316631616239656265366662346436646564656266
33643665316361623264343466663938356637323831303332363663633839656631646333336563
38356162636433313235663864383665626235616166623538323038356432333863636131383339
33386635623230386362306561383237386530373066643935353835373536343465363835623234
36363733306163656635373861376464343537666566646339623738356135333462666462363364
66633233353334343662393836323964366138633037393063643761393633373361656536396462
62366238663238366537306239386565316531386462613862356236323466666234623133386363
61323535336634396266333931663938326265613636356436393963633465393166313165663965
39323638646633656261306337613662323563326234336433663233613862373430633630653063
31376562313735323866303365353861356338636330663962376438616137343334643831366230
62386136323762633765636137356563646436616265363534346166316234376638343361636462
64326563363334356334633939313861383366636162643534386364626137326562616439333538
62633135306432343134316633386262633563363232376332636235656666363639333838353535
63383630643765323362653461303538613034616333386362636331643362373364376139303362
63343034653238373239633364613931653536393162363561383932353066333837356433353036
66373365646232663563373336373666366265363336653430643332323266633633303664636330
63343037313866386330616539613333333566666563356161356334303737373432663962343239
38666630343634613636353434386133306436343861313638303739356134386633333363346164
65313032323362616636363137666365643833393837396264633032613135346137643539313139
66666262323763316362
